Run semi-empirical minimization
 &qmmm
    qm_theory='AM1', grms_tol=0.0005,
 scfconv=1.d-10, ndiis_attempts=700,   qmcharge=0,
 /
   6     C      -12.1270        2.1880        1.1370 
   1     H      -11.6360        3.1450        0.9360 
   1    H4      -13.1700        2.2730        0.8140 
   1    H5      -12.1230        2.0200        2.2200 
   6    C4      -11.4220        1.0500        0.3940 
   1    H6      -11.4970        1.2800       -0.6720 
   6    C5      -12.1940       -0.2710        0.6510 
   1    H7      -12.2830       -0.4430        1.7320 
   1    H8      -13.2050       -0.2010        0.2330 
   7     N      -11.4660       -1.3630       -0.0270 
   6    C1       -9.9310        0.9380        0.8290 
   1   H11       -9.7270        1.6750        1.6180 
   1   H13       -9.7820       -0.0320        1.3210 
   6    C2       -8.8150        1.1190       -0.2610 
   1   H21       -8.6980        2.2060       -0.3850 
   6    C3       -9.1680        0.6240       -1.6670 
   1   H31       -9.9830        1.2040       -2.1100 
   1   H32       -8.3190        0.7120       -2.3510 
   7    N1       -9.5930       -0.7720       -1.6750 
   1   HN1       -9.8060       -1.1440       -2.6040 
   1   HN2       -8.8940       -1.3820       -1.2140 
   1   HN3      -10.4570       -0.9120       -1.1080 
   6    C6       -7.4520        0.6270        0.3540 
   1    H9       -7.1110        1.4610        0.9850 
   1   H10       -7.6450       -0.1820        1.0700 
   6    C7       -6.2390        0.1850       -0.5370 
   1   H12       -6.1310        0.9280       -1.3390 
   6    C8       -6.4290       -1.1910       -1.2410 
   1   H14       -6.7540       -0.9960       -2.2710 
   1   H15       -5.4910       -1.7370       -1.3520 
   7    N2       -7.4920       -2.0040       -0.6130 
   6    C9       -4.9100        0.3420        0.3240 
   1   H16       -4.7160        1.4220        0.3640 
   1   H17       -5.1300        0.0540        1.3610 
   6   C10       -3.5890       -0.3880       -0.1310 
   1   H18       -3.6610       -0.5200       -1.2120 
   6   C11       -3.5490       -1.7420        0.6160 
   1   H19       -3.3340       -1.5610        1.6780 
   1   H20       -4.5290       -2.2290        0.5640 
   7    N3       -2.5380       -2.6560        0.0290 
   6   C36       -2.2880        0.4540        0.1960 
   1   H64       -2.5670        1.5090        0.0730 
   1   H67       -2.0520        0.3500        1.2640 
   6   C39       -0.9420        0.2980       -0.6450 
   1   H70       -0.6070        1.3410       -0.7710 
   6   C42       -1.1480       -0.1680       -2.0890 
   1   H73       -1.9170        0.4420       -2.5750 
   1   H76       -0.2380       -0.0760       -2.6880 
   7    N7       -1.5910       -1.5640       -2.2050 
   1   H79       -0.8810       -2.1730       -2.6210 
   1   H82       -1.8460       -1.9810       -1.2800 
   1   H85       -2.4280       -1.6570       -2.7890 
   6   C12        0.2590       -0.3200        0.1760 
   1   H23        0.4900        0.4010        0.9720 
   1   H24       -0.1130       -1.2110        0.6950 
   6   C13        1.6250       -0.6640       -0.5750 
   1   H25        1.6440       -0.1110       -1.5210 
   6   C14        1.6360       -2.1740       -0.8840 
   1   H26        0.7170       -2.4340       -1.3970 
   1   H27        2.4320       -2.4200       -1.5870 
   7    N4        1.7710       -2.8890        0.3670 
   6   C15        2.9170       -0.2010        0.2290 
   1   H28        2.8000        0.8830        0.3690 
   1   H29        2.8970       -0.6330        1.2370 
   6   C16        4.3620       -0.4280       -0.4000 
   1   H30        4.2590       -0.1690       -1.4640 
   6   C17        4.8900       -1.8790       -0.3840 
   1   H33        4.2560       -2.5380       -0.9740 
   1   H34        5.8470       -1.9090       -0.9070 
   7    N5        4.9670       -2.3980        0.9740 
   6   C37        5.4140        0.6220        0.1740 
   1   H65        5.4120        1.4500       -0.5500 
   1   H68        5.0040        1.0680        1.0840 
   6   C40        6.9200        0.1980        0.4140 
   1   H71        7.1300       -0.6340       -0.2510 
   6   C43        7.2010       -0.2690        1.8540 
   1   H74        6.6870       -1.1900        2.1090 
   1   H77        8.2660       -0.4360        2.0260 
   7    N8        6.7680        0.7130        2.8760 
   1   H80        5.7420        0.7230        2.9550 
   1   H83        7.1150        0.4490        3.8070 
   1   H86        7.0810        1.6710        2.6830 
   6   C18        7.9330        1.3020       -0.0280 
   1   H35        7.5730        1.6860       -0.9930 
   1   H36        7.8840        2.1560        0.6570 
   6   C19        9.4450        0.9250       -0.2830 
   1   H37        9.7800        1.7220       -0.9640 
   6   C20        9.6410       -0.3840       -1.0770 
   1   H38        8.9480       -0.3970       -1.9290 
   1   H39       10.6570       -0.4150       -1.4850 
   7    N6        9.4320       -1.5530       -0.2040 
   6   C38       10.3720        1.0330        0.9660 
   1   H66        9.9200        1.7600        1.6530 
   1   H69       10.4300        0.0880        1.5160 
   6   C41       11.7990        1.5560        0.6600 
   1   H72       11.7500        2.2640       -0.1760 
   1   H22       12.1360        2.1460        1.5230 
   6   C44       12.8760        0.5170        0.3420 
   1   H75       12.5300       -0.2830       -0.3130 
   1   H78       13.7450        1.0020       -0.1160 
   7    N9       13.3850       -0.1200        1.5810 
   1   H81       14.1750       -0.7470        1.3650 
   1   H84       13.7530        0.5720        2.2490 
   1   H87       12.6770       -0.6890        2.0590 
   6   C21      -11.5170       -2.4890        0.6080 
   6   C22       -7.2210       -3.2600       -0.4650 
   6   C23      -10.6480       -3.6260        0.1310 
   6   C24       -9.3540       -3.6420        0.9520 
   1   H40      -10.4380       -3.4860       -0.9350 
   1   H41      -11.1980       -4.5650        0.2520 
   6   C25       -8.1700       -4.2450        0.1970 
   1   H42       -9.5420       -4.2480        1.8470 
   1   H43       -9.1060       -2.6390        1.3190 
   1   H44       -8.4950       -4.9670       -0.5600 
   1   H45       -7.5500       -4.8020        0.9110 
   1   H46       -6.2780       -3.6990       -0.8390 
   6   C26       -2.4620       -3.7210        0.7830 
   6   C27        1.4360       -4.1220        0.5240 
   6   C28       -1.5170       -4.8800        0.5440 
   6   C29       -0.6630       -4.7930       -0.7160 
   1   H47       -2.1350       -5.7850        0.5030 
   1   H48       -0.9100       -4.9700        1.4510 
   6   C30        0.8280       -5.0440       -0.4970 
   1   H49       -0.7840       -3.8300       -1.2010 
   1   H50       -1.0320       -5.5270       -1.4430 
   1   H51        1.3660       -4.9310       -1.4440 
   1   H52        0.9850       -6.0700       -0.1480 
   1   H53        1.5710       -4.5490        1.5320 
   6   C31        5.6700       -3.4560        1.2140 
   6   C32        9.3620       -2.6590       -0.8780 
   6   C33        6.6420       -4.1620        0.2980 
   1   H54        5.6110       -3.8650        2.2390 
   6   C34        8.0580       -3.9770        0.8650 
   1   H55        6.5710       -3.8090       -0.7300 
   1   H56        6.3860       -5.2270        0.2950 
   6   C35        9.1490       -3.9960       -0.2030 
   1   H57        8.2470       -4.7960        1.5710 
   1   H58        8.1250       -3.0560        1.4540 
   1   H59        8.9250       -4.7410       -0.9750 
   1   H60       10.1080       -4.2740        0.2490 
   1   H61      -12.1390       -2.6070        1.4230 
   1   H62       -3.0910       -3.7760        1.5990 
   1   H63        9.4540       -2.6260       -1.9050 

